{'0': 812, '1': 1162}
results end
2
               ┌──────────────────────────┐┌─┐
     qc_0 -> 0 ┤ U3(1.7844,0.93619,15π/2) ├┤M├
               └──────────────────────────┘└╥┘
ancilla_0 -> 1 ─────────────────────────────╫─
                                            ║ 
ancilla_1 -> 2 ─────────────────────────────╫─
                                            ║ 
ancilla_2 -> 3 ─────────────────────────────╫─
                                            ║ 
ancilla_3 -> 4 ─────────────────────────────╫─
                                            ║ 
         qm: 1/═════════════════════════════╩═
                                            0 
